Control_F1:  0.7663157894736842
Control_Recall:  0.8088888888888889
Control_Precision:  0.728
Contrast_F1:  0.5824513485831341
Contrast_Recall:  0.6375186846038864
Contrast_Precision:  0.5361407919547454
Faithfulness:  0.8692129629629629
Consistency:  0.776595744680851
Para_Consistency:  0.832
Cont_Faithfulness:  0.8666666666666667
Cont_Consistency:  0.696
Numerical_Para_Consistency:  0.7678571428571429
Numerical_Cont_Faithfulness:  0.8859649122807017
Numerical_Cont_Consistency:  0.8271604938271605
Definitions_Consistency:  0.7573333333333333
Para_F1:  0.7426942266571632
Para_Recall:  0.7978560490045942
Para_Precision:  0.6946666666666667
Cont_F1:  0.0
Cont_Recall:  0.0
Cont_Precision:  0.0
Numerical_Para_F1:  0.48979591836734687
Numerical_Para_Recall:  0.6428571428571429
Numerical_Para_Precision:  0.3956043956043956
Numerical_Cont_F1:  0.0
Numerical_Cont_Recall:  0.0
Numerical_Cont_Precision:  0.0
Definitions_F1:  0.5338142470694319
Definitions_Recall:  0.8245125348189415
Definitions_Precision:  0.39466666666666667
