Control_F1:  0.7064017660044151
Control_Recall:  0.7881773399014779
Control_Precision:  0.64
Contrast_F1:  0.6078364565587734
Contrast_Recall:  0.6636904761904762
Contrast_Precision:  0.5606536769327467
Faithfulness:  0.90625
Consistency:  0.7782882011605415
Para_Consistency:  0.7946666666666666
Cont_Faithfulness:  0.9093333333333333
Cont_Consistency:  0.7173333333333334
Numerical_Para_Consistency:  0.7366071428571429
Numerical_Cont_Faithfulness:  0.8859649122807017
Numerical_Cont_Consistency:  0.7962962962962963
Definitions_Consistency:  0.7966666666666666
Para_F1:  0.6931732933233309
Para_Recall:  0.7924528301886793
Para_Precision:  0.616
Cont_F1:  0.0
Cont_Recall:  0.0
Cont_Precision:  0.0
Numerical_Para_F1:  0.5
Numerical_Para_Recall:  0.7142857142857143
Numerical_Para_Precision:  0.38461538461538464
Numerical_Cont_F1:  0.0
Numerical_Cont_Recall:  0.0
Numerical_Cont_Precision:  0.0
Definitions_F1:  0.6360708534621576
Definitions_Recall:  0.8028455284552846
Definitions_Precision:  0.5266666666666666
