Control_F1:  0.42367601246105924
Control_Recall:  0.9577464788732394
Control_Precision:  0.272
Contrast_F1:  0.34090909090909094
Contrast_Recall:  0.7967667436489607
Contrast_Precision:  0.21684475172847265
Faithfulness:  0.9837962962962963
Consistency:  0.8853965183752418
Para_Consistency:  0.858
Cont_Faithfulness:  0.9813333333333333
Cont_Consistency:  0.9346666666666666
Numerical_Para_Consistency:  0.8883928571428571
Numerical_Cont_Faithfulness:  1.0
Numerical_Cont_Consistency:  1.0
Definitions_Consistency:  0.8753333333333333
Para_F1:  0.429735234215886
Para_Recall:  0.9094827586206896
Para_Precision:  0.2813333333333333
Cont_F1:  0.0
Cont_Recall:  0.0
Cont_Precision:  0.0
Numerical_Para_F1:  0.19607843137254902
Numerical_Para_Recall:  0.9090909090909091
Numerical_Para_Precision:  0.10989010989010989
Numerical_Cont_F1:  0.0
Numerical_Cont_Recall:  0.0
Numerical_Cont_Precision:  0.0
Definitions_F1:  0.2799097065462754
Definitions_Recall:  0.9117647058823529
Definitions_Precision:  0.16533333333333333
