Control_F1:  0.8
Control_Recall:  0.8347826086956521
Control_Precision:  0.768
Contrast_F1:  0.6238776188892584
Contrast_Recall:  0.6624293785310734
Contrast_Precision:  0.5895663104965431
Faithfulness:  0.8576388888888888
Consistency:  0.793036750483559
Para_Consistency:  0.844
Cont_Faithfulness:  0.8613333333333333
Cont_Consistency:  0.7213333333333334
Numerical_Para_Consistency:  0.7678571428571429
Numerical_Cont_Faithfulness:  0.8333333333333334
Numerical_Cont_Consistency:  0.7777777777777778
Definitions_Consistency:  0.7833333333333333
Para_F1:  0.7583333333333333
Para_Recall:  0.7913043478260869
Para_Precision:  0.728
Cont_F1:  0.0
Cont_Recall:  0.0
Cont_Precision:  0.0
Numerical_Para_F1:  0.5789473684210528
Numerical_Para_Recall:  0.7213114754098361
Numerical_Para_Precision:  0.4835164835164835
Numerical_Cont_F1:  0.0
Numerical_Cont_Recall:  0.0
Numerical_Cont_Precision:  0.0
Definitions_F1:  0.6025974025974026
Definitions_Recall:  0.8592592592592593
Definitions_Precision:  0.464
