Control_F1:  0.6470588235294118
Control_Recall:  0.4978448275862069
Control_Precision:  0.924
Contrast_F1:  0.4787391232966673
Contrast_Recall:  0.324
Contrast_Precision:  0.9164047768698932
Faithfulness:  0.10648148148148148
Consistency:  0.8573500967117988
Para_Consistency:  0.8673333333333333
Cont_Faithfulness:  0.10533333333333333
Cont_Consistency:  0.8506666666666667
Numerical_Para_Consistency:  0.8482142857142857
Numerical_Cont_Faithfulness:  0.11403508771929824
Numerical_Cont_Consistency:  0.8580246913580247
Definitions_Consistency:  0.852
Para_F1:  0.6610089580386609
Para_Recall:  0.5113056163384391
Para_Precision:  0.9346666666666666
Cont_F1:  0.0
Cont_Recall:  0.0
Cont_Precision:  0.0
Numerical_Para_F1:  0.5524475524475525
Numerical_Para_Recall:  0.40512820512820513
Numerical_Para_Precision:  0.8681318681318682
Numerical_Cont_F1:  0.0
Numerical_Cont_Recall:  0.0
Numerical_Cont_Precision:  0.0
Definitions_F1:  0.6457142857142857
Definitions_Recall:  0.5022222222222222
Definitions_Precision:  0.904
