Control_F1:  0.6954436450839329
Control_Recall:  0.8682634730538922
Control_Precision:  0.58
Contrast_F1:  0.5314851485148515
Contrast_Recall:  0.7184154175588865
Contrast_Precision:  0.4217473287240729
Faithfulness:  0.9224537037037037
Consistency:  0.8230174081237911
Para_Consistency:  0.8406666666666667
Cont_Faithfulness:  0.92
Cont_Consistency:  0.8093333333333333
Numerical_Para_Consistency:  0.7455357142857143
Numerical_Cont_Faithfulness:  0.9385964912280702
Numerical_Cont_Consistency:  0.8765432098765432
Definitions_Consistency:  0.818
Para_F1:  0.6672051696284329
Para_Recall:  0.8463114754098361
Para_Precision:  0.5506666666666666
Cont_F1:  0.0
Cont_Recall:  0.0
Cont_Precision:  0.0
Numerical_Para_F1:  0.352
Numerical_Para_Recall:  0.6470588235294118
Numerical_Para_Precision:  0.24175824175824176
Numerical_Cont_F1:  0.0
Numerical_Cont_Recall:  0.0
Numerical_Cont_Precision:  0.0
Definitions_F1:  0.46918489065606356
Definitions_Recall:  0.921875
Definitions_Precision:  0.31466666666666665
