Control_F1:  0.7327188940092165
Control_Recall:  0.8641304347826086
Control_Precision:  0.636
Contrast_F1:  0.5894736842105264
Contrast_Recall:  0.697594501718213
Contrast_Precision:  0.5103708359522313
Faithfulness:  0.8993055555555556
Consistency:  0.8230174081237911
Para_Consistency:  0.8333333333333334
Cont_Faithfulness:  0.8973333333333333
Cont_Consistency:  0.792
Numerical_Para_Consistency:  0.7946428571428571
Numerical_Cont_Faithfulness:  0.9122807017543859
Numerical_Cont_Consistency:  0.845679012345679
Definitions_Consistency:  0.83
Para_F1:  0.7007633587786259
Para_Recall:  0.8196428571428571
Para_Precision:  0.612
Cont_F1:  0.0
Cont_Recall:  0.0
Cont_Precision:  0.0
Numerical_Para_F1:  0.5103448275862068
Numerical_Para_Recall:  0.6851851851851852
Numerical_Para_Precision:  0.4065934065934066
Numerical_Cont_F1:  0.0
Numerical_Cont_Recall:  0.0
Numerical_Cont_Precision:  0.0
Definitions_F1:  0.5678346810422281
Definitions_Recall:  0.8705234159779615
Definitions_Precision:  0.42133333333333334
