Control_F1:  0.7109207708779443
Control_Recall:  0.7649769585253456
Control_Precision:  0.664
Contrast_F1:  0.581185135587546
Contrast_Recall:  0.6217765042979942
Contrast_Precision:  0.5455688246385921
Faithfulness:  0.8784722222222222
Consistency:  0.8029497098646035
Para_Consistency:  0.8553333333333333
Cont_Faithfulness:  0.8746666666666667
Cont_Consistency:  0.704
Numerical_Para_Consistency:  0.7589285714285714
Numerical_Cont_Faithfulness:  0.9035087719298246
Numerical_Cont_Consistency:  0.8024691358024691
Definitions_Consistency:  0.8066666666666666
Para_F1:  0.6800573888091823
Para_Recall:  0.7360248447204969
Para_Precision:  0.632
Cont_F1:  0.0
Cont_Recall:  0.0
Cont_Precision:  0.0
Numerical_Para_F1:  0.4755244755244756
Numerical_Para_Recall:  0.6538461538461539
Numerical_Para_Precision:  0.37362637362637363
Numerical_Cont_F1:  0.0
Numerical_Cont_Recall:  0.0
Numerical_Cont_Precision:  0.0
Definitions_F1:  0.5916187345932621
Definitions_Recall:  0.7708779443254818
Definitions_Precision:  0.48
