Control_F1:  0.7297921478060045
Control_Recall:  0.8633879781420765
Control_Precision:  0.632
Contrast_F1:  0.5725956182695878
Contrast_Recall:  0.6996370235934665
Contrast_Precision:  0.4846008799497172
Faithfulness:  0.6331018518518519
Consistency:  0.808752417794971
Para_Consistency:  0.822
Cont_Faithfulness:  0.6466666666666666
Cont_Consistency:  0.7813333333333333
Numerical_Para_Consistency:  0.78125
Numerical_Cont_Faithfulness:  0.543859649122807
Numerical_Cont_Consistency:  0.8395061728395061
Definitions_Consistency:  0.81
Para_F1:  0.7033639143730887
Para_Recall:  0.8243727598566308
Para_Precision:  0.6133333333333333
Cont_F1:  0.0
Cont_Recall:  0.0
Cont_Precision:  0.0
Numerical_Para_F1:  0.43609022556390975
Numerical_Para_Recall:  0.6904761904761905
Numerical_Para_Precision:  0.31868131868131866
Numerical_Cont_F1:  0.0
Numerical_Cont_Recall:  0.0
Numerical_Cont_Precision:  0.0
Definitions_F1:  0.5271028037383177
Definitions_Recall:  0.88125
Definitions_Precision:  0.376
