Control_F1:  0.4444444444444444
Control_Recall:  0.6890756302521008
Control_Precision:  0.328
Contrast_F1:  0.2995333050487909
Contrast_Recall:  0.4608355091383812
Contrast_Precision:  0.2218730358265242
Faithfulness:  0.875
Consistency:  0.7949709864603481
Para_Consistency:  0.7753333333333333
Cont_Faithfulness:  0.8813333333333333
Cont_Consistency:  0.816
Numerical_Para_Consistency:  0.8303571428571429
Numerical_Cont_Faithfulness:  0.8333333333333334
Numerical_Cont_Consistency:  0.8765432098765432
Definitions_Consistency:  0.79
Para_F1:  0.42671614100185523
Para_Recall:  0.7012195121951219
Para_Precision:  0.30666666666666664
Cont_F1:  0.0
Cont_Recall:  0.0
Cont_Precision:  0.0
Numerical_Para_F1:  0.4
Numerical_Para_Recall:  0.6136363636363636
Numerical_Para_Precision:  0.2967032967032967
Numerical_Cont_F1:  0.0
Numerical_Cont_Recall:  0.0
Numerical_Cont_Precision:  0.0
Definitions_F1:  0.21524663677130046
Definitions_Recall:  0.676056338028169
Definitions_Precision:  0.128
