Control_F1:  0.7752577319587629
Control_Recall:  0.8
Control_Precision:  0.752
Contrast_F1:  0.6612550733687168
Contrast_Recall:  0.6569478908188585
Contrast_Precision:  0.6656191074795726
Faithfulness:  0.7013888888888888
Consistency:  0.7995647969052224
Para_Consistency:  0.8106666666666666
Cont_Faithfulness:  0.7186666666666667
Cont_Consistency:  0.6973333333333334
Numerical_Para_Consistency:  0.8080357142857143
Numerical_Cont_Faithfulness:  0.5877192982456141
Numerical_Cont_Consistency:  0.8024691358024691
Definitions_Consistency:  0.838
Para_F1:  0.7705922396187882
Para_Recall:  0.7872044506258693
Para_Precision:  0.7546666666666667
Cont_F1:  0.0
Cont_Recall:  0.0
Cont_Precision:  0.0
Numerical_Para_F1:  0.6163522012578616
Numerical_Para_Recall:  0.7205882352941176
Numerical_Para_Precision:  0.5384615384615384
Numerical_Cont_F1:  0.0
Numerical_Cont_Recall:  0.0
Numerical_Cont_Precision:  0.0
Definitions_F1:  0.6873065015479876
Definitions_Recall:  0.8191881918819188
Definitions_Precision:  0.592
