Control_F1:  0.7904967602591793
Control_Recall:  0.8591549295774648
Control_Precision:  0.732
Contrast_F1:  0.7188311688311688
Contrast_Recall:  0.7434519811954332
Contrast_Precision:  0.6957888120678818
Faithfulness:  0.9166666666666666
Consistency:  0.808027079303675
Para_Consistency:  0.836
Cont_Faithfulness:  0.9146666666666666
Cont_Consistency:  0.74
Numerical_Para_Consistency:  0.7723214285714286
Numerical_Cont_Faithfulness:  0.9298245614035088
Numerical_Cont_Consistency:  0.845679012345679
Definitions_Consistency:  0.8153333333333334
Para_F1:  0.800559832050385
Para_Recall:  0.8424153166421208
Para_Precision:  0.7626666666666667
Cont_F1:  0.0
Cont_Recall:  0.0
Cont_Precision:  0.0
Numerical_Para_F1:  0.7215189873417721
Numerical_Para_Recall:  0.8507462686567164
Numerical_Para_Precision:  0.6263736263736264
Numerical_Cont_F1:  0.0
Numerical_Cont_Recall:  0.0
Numerical_Cont_Precision:  0.0
Definitions_F1:  0.7365177195685669
Definitions_Recall:  0.8722627737226277
Definitions_Precision:  0.6373333333333333
