Control_F1:  0.8137044967880086
Control_Recall:  0.8755760368663594
Control_Precision:  0.76
Contrast_F1:  0.701628664495114
Contrast_Recall:  0.7281947261663286
Contrast_Precision:  0.6769327467001885
Faithfulness:  0.9166666666666666
Consistency:  0.8167311411992263
Para_Consistency:  0.8486666666666667
Cont_Faithfulness:  0.916
Cont_Consistency:  0.748
Numerical_Para_Consistency:  0.78125
Numerical_Cont_Faithfulness:  0.9210526315789473
Numerical_Cont_Consistency:  0.8641975308641975
Definitions_Consistency:  0.8193333333333334
Para_F1:  0.7932489451476793
Para_Recall:  0.8392857142857143
Para_Precision:  0.752
Cont_F1:  0.0
Cont_Recall:  0.0
Cont_Precision:  0.0
Numerical_Para_F1:  0.6329113924050632
Numerical_Para_Recall:  0.746268656716418
Numerical_Para_Precision:  0.5494505494505495
Numerical_Cont_F1:  0.0
Numerical_Cont_Recall:  0.0
Numerical_Cont_Precision:  0.0
Definitions_F1:  0.714506172839506
Definitions_Recall:  0.847985347985348
Definitions_Precision:  0.6173333333333333
