Control_F1:  0.7030878859857482
Control_Recall:  0.8654970760233918
Control_Precision:  0.592
Contrast_F1:  0.5372549019607843
Contrast_Recall:  0.7142857142857143
Contrast_Precision:  0.4305468258956631
Faithfulness:  0.9189814814814815
Consistency:  0.8196324951644101
Para_Consistency:  0.8353333333333334
Cont_Faithfulness:  0.9146666666666666
Cont_Consistency:  0.804
Numerical_Para_Consistency:  0.7723214285714286
Numerical_Cont_Faithfulness:  0.9473684210526315
Numerical_Cont_Consistency:  0.8827160493827161
Definitions_Consistency:  0.812
Para_F1:  0.6751592356687899
Para_Recall:  0.8379446640316206
Para_Precision:  0.5653333333333334
Cont_F1:  0.0
Cont_Recall:  0.0
Cont_Precision:  0.0
Numerical_Para_F1:  0.380952380952381
Numerical_Para_Recall:  0.6857142857142857
Numerical_Para_Precision:  0.26373626373626374
Numerical_Cont_F1:  0.0
Numerical_Cont_Recall:  0.0
Numerical_Cont_Precision:  0.0
Definitions_F1:  0.46884272997032644
Definitions_Recall:  0.9080459770114943
Definitions_Precision:  0.316
