Control_F1:  0.6844319775596074
Control_Recall:  0.5269978401727862
Control_Precision:  0.976
Contrast_F1:  0.49752556911910256
Contrast_Recall:  0.3372847237754417
Contrast_Precision:  0.9478315524827152
Faithfulness:  0.10648148148148148
Consistency:  0.8646034816247582
Para_Consistency:  0.8993333333333333
Cont_Faithfulness:  0.10533333333333333
Cont_Consistency:  0.82
Numerical_Para_Consistency:  0.8839285714285714
Numerical_Cont_Faithfulness:  0.11403508771929824
Numerical_Cont_Consistency:  0.7962962962962963
Definitions_Consistency:  0.8566666666666667
Para_F1:  0.6832706766917294
Para_Recall:  0.5275761973875182
Para_Precision:  0.9693333333333334
Cont_F1:  0.0
Cont_Recall:  0.0
Cont_Precision:  0.0
Numerical_Para_F1:  0.581081081081081
Numerical_Para_Recall:  0.4195121951219512
Numerical_Para_Precision:  0.945054945054945
Numerical_Cont_F1:  0.0
Numerical_Cont_Recall:  0.0
Numerical_Cont_Precision:  0.0
Definitions_F1:  0.6754130223517979
Definitions_Recall:  0.5313455657492355
Definitions_Precision:  0.9266666666666666
