Control_F1:  0.6284501061571125
Control_Recall:  0.669683257918552
Control_Precision:  0.592
Contrast_F1:  0.5251533742331289
Contrast_Recall:  0.5128819652486519
Contrast_Precision:  0.5380263984915148
Faithfulness:  0.8067129629629629
Consistency:  0.6612669245647969
Para_Consistency:  0.6833333333333333
Cont_Faithfulness:  0.808
Cont_Consistency:  0.632
Numerical_Para_Consistency:  0.6785714285714286
Numerical_Cont_Faithfulness:  0.7982456140350878
Numerical_Cont_Consistency:  0.7098765432098766
Definitions_Consistency:  0.646
Para_F1:  0.6424581005586593
Para_Recall:  0.6744868035190615
Para_Precision:  0.6133333333333333
Cont_F1:  0.0
Cont_Recall:  0.0
Cont_Precision:  0.0
Numerical_Para_F1:  0.4910179640718563
Numerical_Para_Recall:  0.5394736842105263
Numerical_Para_Precision:  0.45054945054945056
Numerical_Cont_F1:  0.0
Numerical_Cont_Recall:  0.0
Numerical_Cont_Precision:  0.0
Definitions_F1:  0.5538221528861155
Definitions_Recall:  0.6672932330827067
Definitions_Precision:  0.47333333333333333
